  -5.1168205071134976     
  -4.9252040129233423     
  -4.7372441741769906     
  -4.5529409908744398     
  -4.3722944630156908     
  -4.1953045906007445     
  -4.0219713736295990     
  -3.8522948121022558     
  -3.6862749060187134     
  -3.5239116553789742     
  -3.3652050601830359     
  -3.2101551204309007     
  -3.0587618361225659     
  -2.9110252072580329     
  -2.7669452338373026     
  -2.6265219158603736     
  -2.4897552533272469     
  -2.3566452462379215     
  -2.2271918945923983     
  -2.1013951983906765     
  -1.9792551576327568     
  -1.8607717723186390     
  -1.7459450424483236     
  -1.6347749680218093     
  -1.5272615490390966     
  -1.4234047855001861     
  -1.3232046774050779     
  -1.2266612247537705     
  -1.1337744275462660     
  -1.0445442857825626     
 -0.95897079946266117     
 -0.87705396858656159     
 -0.79879379315426369     
 -0.72419027316576756     
 -0.65324340862107355     
 -0.58595319952018121     
 -0.52231964586309110     
 -0.46234274764980243     
 -0.40602250488031555     
 -0.35335891755463056     
 -0.30435198567274735     
 -0.25900170923466598     
 -0.21730808824038647     
 -0.17927112268990877     
 -0.14489081258323311     
 -0.11416715792035904     
 -8.71001587012868173E-002
 -6.36898149260164137E-002
 -4.39361265945478474E-002
 -2.78390937068811080E-002
 -1.53987162630162058E-002
 -6.61499426295313227E-003
 -1.48792770669190768E-003
